04015330
04024000
04024430
04027000
04027500
04036000
04037500
04040000
04040500
04041500
04043050
04045500
04056500
04058200
04059500
04060993
04062000
04062500
04063000
04063700
04069500
04071000
04073500
04079000
04087000
04087030
04087120
04087220
04087240
04093000
04096405
04096515
04097540
04099000
04099510
04099750
04100500
04101000
04101500
04101800
04102500
04102700
04105000
04105500
04105700
04106400
04108600
04109000
04112000
04112500
04113000
04115000
04116000
04117500
04119000
04121300
04121500
04122100
04122200
04122500
04127800
04127997
04128990
04136500
04142000
04146000
04148140
04148500
04151500
04154000
04156000
04159492
04160600
04164000
04164100
04164300
04164500
04165500
04166500
04174500
04176500
04177000
04177720
04178000
04180000
04181500
04182000
04183000
04185000
04186500
04189000
04192500
04193500
04195500
04196800
04198000
04200500
04201500
04202000
04207200
04208000
04212100
04215000
04215500
04216418
04218000
04218518
04221000
04223000
04224775
04227000
04227500
04228500
04229500
04230380
04230500
04231000
04231600
04232050
04232482
04234000
04240010
04243500
04249000
04252500
04256000
04258000
04260500
04263000
05535070
